---
title: 炎黄健康
updated: 2012-07-02 02:34:33Z
created: 2012-07-02 02:34:33Z
latitude: 39.88870000
longitude: 116.63200000
altitude: 0.0000
---