---
title: 圆觉经
updated: 2012-06-05 13:41:34Z
created: 2012-06-05 13:41:05Z
latitude: 39.88846644
longitude: 116.63090348
altitude: 38.2945
---