---
title: 快照
updated: 2020-10-10 12:17:16Z
created: 2020-10-10 12:17:13Z
latitude: 51.18285000
longitude: 6.70355000
altitude: 37.8000
---